#ip 1

0  seti 123 0 4
1  bani 4 456 4
2 eqri 4 72 4
3 addr 4 1 1
4 seti 0 0 1           goto 0

5 seti 0 2 4           r4 = 0
6 bori 4 65536 3       r3 = r4 | 65536
7 seti 10552971 1 4    r4 = 10552971

8 bani 3 255 5         r5 = r3 & 255
9 addr 4 5 4           r4 = r5 + r4
10 bani 4 16777215 4   r4 = r4 & 16777215
11 muli 4 65899 4      r4 = r4 * 65899
12 bani 4 16777215 4   r4 = r4 & 16777215
13 gtir 256 3 5        if 256 > r3; then r5 = 1; else r5 = 0  // want r3 < 256
14 addr 5 1 1          ip += r5  // want r5 == 1
15 addi 1 1 1     ip++  // jump over 16
16 seti 27 7 1    goto 27  // Need to execute this
17 seti 0 1 5     r5 = 0
18 addi 5 1 2     r2 = r5+1
19 muli 2 256 2   r2 = r2 * 256 
20 gtrr 2 3 2     if r2 > r3; then r2 = 1; else r2 = 0
21 addr 2 1 1     ip += r2 // want r2 = 1, so ip=23 is executed to set r3 = r5
22 addi 1 1 1     ip++ // jump over 23
23 seti 25 0 1    ip = 25
24 addi 5 1 5     r5++
25 seti 17 2 1    goto 17  // infinite loop
26 setr 5 7 3     r3 = r5
27 seti 7 8 1     goto 7
28 eqrr 4 0 5     if r4 == r0; the r5 = 1; else r5=0   // want r4==r0 to halt
29 addr 5 1 1     ip += r5
30 seti 5 0 1     goto 5


    r4 = 0
5:
    r3 = r4 | 65536
    r4 = 10552971
7:
    r5 = r3 & 255  // Lower 8
    r4 = r5 + r4
    r4 = r4 & 16777215  // Lower 24
    r4 = r4 * 65899
    r4 = r4 & 16777215
    if r3 < 256 {
        if r4 == r0 {
            halt
        } else {
            goto 5
        }
    } else {
        r5 = 0
17:
        r2 = r5+1
        r2 = r2 * 256
        if r2 > r3 {
            r3 = r5
            goto 7
        } else {
            r5++
            goto 17
        }
    }


ip=0 [0, 0, 0, 0, 0, 0] seti 123 0 4 [0, 0, 0, 0, 123, 0]
ip=1 [0, 1, 0, 0, 123, 0] bani 4 456 4 [0, 1, 0, 0, 72, 0]
ip=2 [0, 2, 0, 0, 72, 0] eqri 4 72 4 [0, 2, 0, 0, 1, 0]
ip=3 [0, 3, 0, 0, 1, 0] addr 4 1 1 [0, 4, 0, 0, 1, 0]
ip=5 [0, 5, 0, 0, 1, 0] seti 0 2 4 [0, 5, 0, 0, 0, 0]
ip=6 [0, 6, 0, 0, 0, 0] bori 4 65536 3 [0, 6, 0, 65536, 0, 0]
ip=7 [0, 7, 0, 65536, 0, 0] seti 10552971 1 4 [0, 7, 0, 65536, 10552971, 0]
ip=8 [0, 8, 0, 65536, 10552971, 0] bani 3 255 5 [0, 8, 0, 65536, 10552971, 0]
ip=9 [0, 9, 0, 65536, 10552971, 0] addr 4 5 4 [0, 9, 0, 65536, 10552971, 0]
ip=10 [0, 10, 0, 65536, 10552971, 0] bani 4 16777215 4 [0, 10, 0, 65536, 10552971, 0]
ip=11 [0, 11, 0, 65536, 10552971, 0] muli 4 65899 4 [0, 11, 0, 65536, 695430235929, 0]
ip=12 [0, 12, 0, 65536, 695430235929, 0] bani 4 16777215 4 [0, 12, 0, 65536, 14632729, 0]
ip=13 [0, 13, 0, 65536, 14632729, 0] gtir 256 3 5 [0, 13, 0, 65536, 14632729, 0]
ip=14 [0, 14, 0, 65536, 14632729, 0] addr 5 1 1 [0, 14, 0, 65536, 14632729, 0]
ip=15 [0, 15, 0, 65536, 14632729, 0] addi 1 1 1 [0, 16, 0, 65536, 14632729, 0]
ip=17 [0, 17, 0, 65536, 14632729, 0] seti 0 1 5 [0, 17, 0, 65536, 14632729, 0]
ip=18 [0, 18, 0, 65536, 14632729, 0] addi 5 1 2 [0, 18, 1, 65536, 14632729, 0]
ip=19 [0, 19, 1, 65536, 14632729, 0] muli 2 256 2 [0, 19, 256, 65536, 14632729, 0]
ip=20 [0, 20, 256, 65536, 14632729, 0] gtrr 2 3 2 [0, 20, 0, 65536, 14632729, 0]
ip=21 [0, 21, 0, 65536, 14632729, 0] addr 2 1 1 [0, 21, 0, 65536, 14632729, 0]
ip=22 [0, 22, 0, 65536, 14632729, 0] addi 1 1 1 [0, 23, 0, 65536, 14632729, 0]
ip=24 [0, 24, 0, 65536, 14632729, 0] addi 5 1 5 [0, 24, 0, 65536, 14632729, 1]
ip=25 [0, 25, 0, 65536, 14632729, 1] seti 17 2 1 [0, 17, 0, 65536, 14632729, 1]

ip=18 [0, 18, 0, 65536, 14632729, 1] addi 5 1 2 [0, 18, 2, 65536, 14632729, 1]
ip=19 [0, 19, 2, 65536, 14632729, 1] muli 2 256 2 [0, 19, 512, 65536, 14632729, 1]
ip=20 [0, 20, 512, 65536, 14632729, 1] gtrr 2 3 2 [0, 20, 0, 65536, 14632729, 1]
ip=21 [0, 21, 0, 65536, 14632729, 1] addr 2 1 1 [0, 21, 0, 65536, 14632729, 1]
ip=22 [0, 22, 0, 65536, 14632729, 1] addi 1 1 1 [0, 23, 0, 65536, 14632729, 1]
ip=24 [0, 24, 0, 65536, 14632729, 1] addi 5 1 5 [0, 24, 0, 65536, 14632729, 2]
ip=25 [0, 25, 0, 65536, 14632729, 2] seti 17 2 1 [0, 17, 0, 65536, 14632729, 2]

ip=18 [0, 18, 0, 65536, 14632729, 2] addi 5 1 2 [0, 18, 3, 65536, 14632729, 2]
ip=19 [0, 19, 3, 65536, 14632729, 2] muli 2 256 2 [0, 19, 768, 65536, 14632729, 2]
ip=20 [0, 20, 768, 65536, 14632729, 2] gtrr 2 3 2 [0, 20, 0, 65536, 14632729, 2]
ip=21 [0, 21, 0, 65536, 14632729, 2] addr 2 1 1 [0, 21, 0, 65536, 14632729, 2]
ip=22 [0, 22, 0, 65536, 14632729, 2] addi 1 1 1 [0, 23, 0, 65536, 14632729, 2]
ip=24 [0, 24, 0, 65536, 14632729, 2] addi 5 1 5 [0, 24, 0, 65536, 14632729, 3]
ip=25 [0, 25, 0, 65536, 14632729, 3] seti 17 2 1 [0, 17, 0, 65536, 14632729, 3]

ip=18 [0, 18, 0, 65536, 14632729, 3] addi 5 1 2 [0, 18, 4, 65536, 14632729, 3]
ip=19 [0, 19, 4, 65536, 14632729, 3] muli 2 256 2 [0, 19, 1024, 65536, 14632729, 3]
ip=20 [0, 20, 1024, 65536, 14632729, 3] gtrr 2 3 2 [0, 20, 0, 65536, 14632729, 3]
ip=21 [0, 21, 0, 65536, 14632729, 3] addr 2 1 1 [0, 21, 0, 65536, 14632729, 3]
ip=22 [0, 22, 0, 65536, 14632729, 3] addi 1 1 1 [0, 23, 0, 65536, 14632729, 3]
ip=24 [0, 24, 0, 65536, 14632729, 3] addi 5 1 5 [0, 24, 0, 65536, 14632729, 4]
ip=25 [0, 25, 0, 65536, 14632729, 4] seti 17 2 1 [0, 17, 0, 65536, 14632729, 4]
ip=18 [0, 18, 0, 65536, 14632729, 4] addi 5 1 2 [0, 18, 5, 65536, 14632729, 4]
ip=19 [0, 19, 5, 65536, 14632729, 4] muli 2 256 2 [0, 19, 1280, 65536, 14632729, 4]
ip=20 [0, 20, 1280, 65536, 14632729, 4] gtrr 2 3 2 [0, 20, 0, 65536, 14632729, 4]
ip=21 [0, 21, 0, 65536, 14632729, 4] addr 2 1 1 [0, 21, 0, 65536, 14632729, 4]
ip=22 [0, 22, 0, 65536, 14632729, 4] addi 1 1 1 [0, 23, 0, 65536, 14632729, 4]
ip=24 [0, 24, 0, 65536, 14632729, 4] addi 5 1 5 [0, 24, 0, 65536, 14632729, 5]
ip=25 [0, 25, 0, 65536, 14632729, 5] seti 17 2 1 [0, 17, 0, 65536, 14632729, 5]
ip=18 [0, 18, 0, 65536, 14632729, 5] addi 5 1 2 [0, 18, 6, 65536, 14632729, 5]
ip=19 [0, 19, 6, 65536, 14632729, 5] muli 2 256 2 [0, 19, 1536, 65536, 14632729, 5]
ip=20 [0, 20, 1536, 65536, 14632729, 5] gtrr 2 3 2 [0, 20, 0, 65536, 14632729, 5]
ip=21 [0, 21, 0, 65536, 14632729, 5] addr 2 1 1 [0, 21, 0, 65536, 14632729, 5]
ip=22 [0, 22, 0, 65536, 14632729, 5] addi 1 1 1 [0, 23, 0, 65536, 14632729, 5]
ip=24 [0, 24, 0, 65536, 14632729, 5] addi 5 1 5 [0, 24, 0, 65536, 14632729, 6]
ip=25 [0, 25, 0, 65536, 14632729, 6] seti 17 2 1 [0, 17, 0, 65536, 14632729, 6]
ip=18 [0, 18, 0, 65536, 14632729, 6] addi 5 1 2 [0, 18, 7, 65536, 14632729, 6]
ip=19 [0, 19, 7, 65536, 14632729, 6] muli 2 256 2 [0, 19, 1792, 65536, 14632729, 6]
ip=20 [0, 20, 1792, 65536, 14632729, 6] gtrr 2 3 2 [0, 20, 0, 65536, 14632729, 6]
ip=21 [0, 21, 0, 65536, 14632729, 6] addr 2 1 1 [0, 21, 0, 65536, 14632729, 6]
ip=22 [0, 22, 0, 65536, 14632729, 6] addi 1 1 1 [0, 23, 0, 65536, 14632729, 6]
ip=24 [0, 24, 0, 65536, 14632729, 6] addi 5 1 5 [0, 24, 0, 65536, 14632729, 7]
ip=25 [0, 25, 0, 65536, 14632729, 7] seti 17 2 1 [0, 17, 0, 65536, 14632729, 7]